+18586895661
+14849403424
+16189193914
+15041918199
+17863089190
+16575468789
+14147403894
+16031835045
+14796360898
+17735141664
+17065096498
+17067375116
+19146024566
+19031176475
+18381250197
+16677287666
+15869519094
+17812247874
+17270116823
+13194221463
+18172692024
+17153151819
+15121267174
+13232629218
+17653836769
+13866396831
+15082922273
+18022818422
+12075976017
+16819023234
+18729659999
+15108577024
+18045507350
+15319152741
+16508096522
+19196284154
+15311914750
+12156319666
+14803133753
+18786209536
+13217770925
+17851411818
+13857060950
+12488766239
+17195366707
+14781606044
+13195460032
+13469821947
+19317570993
+16609527647
+19039528715
+17406434486
+17142529229
+12696525618
+19499095010
+19030392371
+12397842933
+17065701003
+16123427210
+12704858279
+18140100715
+12674362123
+13054270117
+19525236286
+12172385809
+16512068265
+13349186698
+18620466297
+16788383826
+19176805492
+17473900723
+19526284054
+12523031710
+14128363723
+18452986107
+18627675474
+19803582890
+13010392397
+19039184272
+19254821116
+17478808912
+17026517735
+19708601853
+14099274405
+19373860518
+14348917644
+18781038976
+19283044614
+14345330455
+14133813502
+19085448600
+15676421427
+14056305061
+12017011424
+19070347049
+16098441755
+17732145868
+18437419457
+16624422725
+17080665428
+19182656761
+15731561596
+19385021769
+15391914482
+17725300032
+14405221547
+13360327101
+19157183758
+19343999696
+14585859785
+17176266525
+18383189505
+12311950850
+16014187404
+12256630179
+18127719018
+15010522784
+18308372686
+19723412111
+12082790740
+17165456476
+17032382355
+14109353520
+18590902745
+19543457577
+19593739499
+14197395578
+17157048408
+12392556110
+16414940977
+15185657841
+19796898194
+14354507787
+13080637399
+19295952475
+17242773700
+19282707734
+17179487186
+16804290971
+17258354481
+17173622798
+15732298358
+19855583064
+13029459384
+19146627492
+14198003681
+18381803265
+18482339061
+18632057729
+19724169227
+15715593179
+19843811763
+14127964739
+12340769023
+17747883399
+17749803105
+15042334825
+14045463440
+18489415279
+12075403688
+15512895414
+15153945135
+18166335012
+17209714844
+14042972725
+19528027023
+18658969234
+15201383345
+15209456714
+17407511976
+15204968717
+16159997023
+18625019336
+17479577191
+13218467297
+15120311076
+13461311311
+19373299293
+16607521909
+13215377619
+18653458400
+14438760284
+19892546903
+12072307518
+13165608531
+15407932783
+17264873880
+13184671395
+19181400501
+16502917858
+18283465938
+12286441284
+12065060324
+18281329536
+15716985889
+19413298471
+17376358037
+15302685734
+14305222812
+14131184461
+12064854120
+17658414710
+13319776443
+19560198989
+17258945290
+17656369630
+14342396941
+15805497688
+19080290829
+18607733104
+18632673165
+12346598879
+15516522434
+18329966696
+14432553317
+17816005776
+16416062801
+13200200471
+12674982798
+18124771627
+13609491815
+15716405430
+12120625250
+13028446486
+13257985947
+12086563684
+14151104435
+19541946864
+17851434477
+19121222677
+16284764131
+17473264253
+18780144876
+12179510608
+16296924134
+14139204794
+16780627397
+17035973642
+18063192705
+15307188790
+19367833426
+14019675909
+15634414788
+19295048026
+12022939499
+16065147123
+12125091666
+12109296063
+19361881298
+14098966541
+19714286106
+19367950854
+19297565995
+14400179646
+17709663231
+19782185586
+13304372184
+19413835123
+13510878742
+16590587267
+14085615455
+18122394370
+19085577038
+17850823773
+19123257582
+12078390861
+15716654305
+19782776744
+14152763441
+14050584588
+16188443990
+12010006410
+15121448736
+19722233090
+12070158430
+17205852880
+14141550439
+17012904766
+16179394665
+14800567611
+19400134843
+19069124464
+19089522904
+19710201501
+15807625078
+19720642694
+14429410581
+16267201964
+13139856691
+12520160868
+14845259765
+15411859629
+16014578277
+19547620375
+18068556950
+14807582925
+19845721776
+15043305003
+19124811249
+17738293520
+19722111178
+17172707904
+17199075878
+16197277454
+19412149393
+19159487038
+18387060077
+15347888734
+14794697678
+19859169372
+12623732628
+17316803505
+13306247430
+13196137774
+19377909966
+13021895806
+13034650109
+19566739646
+18585610002
+16140966402
+18646711159
+15742671386
+14098106476
+13614131664
+16260591835
+12534785292
+16143014086
+17377771737
+15187347336
+12565194988
+17703093916
+17751492416
+15139542103
+18566330798
+18640136120
+19385314636
+13190781038
+19133387783
+16618803015
+15753808314
+15150589964
+12537901098
+13369270950
+19176691362
+12568800786
+16209000547
+16205987821
+18598812142
+18642756916
+19280501592
+17637341145
+18179747549
+18606057647
+19791119904
+19125189706
+18587523460
+16055814951
+16515896190
+16201323851
+13613211300
+14585737256
+19147178817
+19843283022
+18130086365
+16104519727
+19400660708
+13377313581
+17076338222
+18434705643
+15390333051
+16596723806
+16029528835
+18042112940
+16055617518
+14438622134
+19377167224
+15851580308
+19404563812
+14782878238
+17139464893
+18594057322
+17656546367
+17813452718
+14246273336
+17082604454
+16030603300
+16193469126
+12103033324
+14139993174
+17623686551
+17242761895
+13012318893
+17206554537
+16785913117
+15087254094
+15644970888
+13528058875
+13407595650
+16812417382
+16103568893
+14347561453
+18151582809
+15861375015
+13156003292
+12020021478
+13141557734
+15166692385
+14046652928
+17744899098
+19083415939
+18487727411
+16204124385
+18655147636
+16149585042
+19781191173
+18155861320
+13043752722
+12196451863
+14104065002
+17694116719
+13099048434
+15394711039
+12348824455
+13472459905
+13045940437
+13160155356
+17650467586
+19544341753
+12696682501
+12535490576
+13404925940
+18153280312
+16038757458
+17122394379
+17817395814
+13182455770
+13022096140
+15517234150
+15634257940
+14245551706
+17401327956
+12814118460
+16265564702
+16579192279
+17541338983
+17729068094
+15619249539
+19792851219
+13043529492
+16629950554
+18450214613
+15139267027
+12022835120
+14172364547
+13314384208
+18038235462
+13038315200
+12087249829
+14063372321
+18545290224
+14791066849
+19789151936
+12158465282
+17045997034
+15342799723
+16230197596
+19099572391
+18326679048
+16230242167
+15639949788
+12346360053
+12138976551
+15519905540
+12080027237
+14101658331
+12811878799
+18022988943
+16162591981
+16896325305
+17271702034
+13408185800
+19153177838
+12670249352
+13033600435
+17323475751
+12569276936
+19415931674
+18454683607
+15025533210
+12174626019
+15736322734
+15804043609
+15735242887
+13106012386
+14430118901
+16826323542
+17240518308
+13178052546
+15801072677
+17325507403
+18547181770
+14235463596
+15700018890
+16576459211
+15706612003
+15346360224
+19091944606
+13105911465
+15670633501
+15613904563
+19176207720
+14029869515
+16595317566
+13529023543
+15092284224
+13305715744
+12156931730
+15590856981
+19345243038
+12036855828
+15674933736
+19078799542
+18701427260
+16501089085
+18320241226
+17187615214
+15344600108
+17207103840
+17314474885
+19703279486
+12620571299
+18101091736
+16812369373
+16617693465
+19523706853
+12487332813
+19156251299
+16081742097
+18436473486
+14797692441
+12565651157
+18045577269
+19780252755
+19785084032
+15084491502
+12545787677
+12605875198
+17632580548
+19132103126
+13019479510
+19127472920
+15171627539
+16319468368
+17373161240
+12622365753
+16012466013
+14106286759
+16190609166
+14694776478
+12546346383
+15183793684
+17279123180
+15628670059
+13367213654
+16174407097
+13473345577
+15804162205
+14057830201
+16466710712
+18104679866
+16808624089
+15027689134
+18591743186
+13075158615
+16691359137
+16825558221
+18506860208
+16361892477
+14106205649
+19405745853
+17138579687
+18126143096
+17080626352
+14107186104
+13378499337
+19372198265
+18307300398
+17348419022
+16618222151
+19499054147
+17246726409
+15037638043
+19844532623
+15632194807
+16676919390
+19859464987
+16056724282
+15805039453
+12133543872
+15678089643
+19259845387
+18125460699
+15716153113
+19126396972
+19166549458
+17049553917
+19154467072
+14841843834
+13512859433
+13132351011
+19715737156
+17741234257
+19145964024
+14061847587
+13015582643
+13100216210
+19201754507
+12179584391
+14303590772
+14249075417
+17578262027
+17626671571
+12251658280
+12816839065
+17141922783
+16284478304
+15803060330
+12519359984
+15075424112
+17319079357
+15300964228
+17751053442
+12315860809
+17733719407
+15801743357
+17163288947
+12810147625
+14045061041
+16621603326
+13528693268
+17060997932
+18080287876
+19599919018
+19012872431
+17311123903
+17577249901
+15133306564
+18508027062
+17401739527
+17629726474
+19042841582
+17736242004
+19012925294
+19065096137
+14587968818
+15409091691
+19849183998
+19065655879
+19598442626
+13030017637
+13310391740
+19030495232
+16059881445
+14175269168
+14071160166
+14175701484
+19702018120
+17064789342
+12186317567
+14424430948
+16090883085
+18143869511
+15743995374
+14432697232
+15517048258
+18659845898
+16603237003
+18087431518
+18540560963
+13617736395
+12393009341
+12195847718
+15030476610
+19783242303
+13405968122
+14096705609
+12180155138
+15617490287
+12032793188
+16028652442
+19529524300
+16307418847
+15083050208
+17018901062
+13139934785
+18326009335
+14400291947
+18489880717
+17659827338
+12085405793
+19346748734
+17079781838
+18029491310
+18124152867
+16578073635
+14026377713
+12180767935
+13527505199
+14108861579
+12486034927
+17032065217
+17155880744
+19360471518
+13479767027
+16202288517
+12527216460
+13643991601
+16601769255
+18787043105
+15616267230
+19070557013
+15074471764
+19417621384
+12081897229
+19192308486
+12390384429
+18607100068
+18707534223
+15044193204
+16507563846
+15754168523
+13136588246
+12073205729
+12185453592
+15126443963
+12148765987
+19700880095
+15105504338
+18302387353
+14046780327
+12094116094
+12053025485
+16574332236
+14199814222
+18130892084
+13378585450
+19153303618
+14321789930
+16608086661
+13199509249
+15399877187
+14094554048
+17631203365
+19067881564
+14106624957
+19093381681
+15045861719
+15392345006
+13028674214
+14027163791
+12707812198
+12169695405
+18122996029
+14701213763
+15711277615
+16205642054
+12729550923
+14055118928
+15305335243
+16084514655
+13803921231
+15732885000
+18046272000
+16512519531
+13367973264
+15599515039
+13153830226
+19093767364
+12523092541
+16628741283
+17085511665
+16146077142
+19201469568
+13203460924
+14842773492
+15643292604
+14069910307
+18606811405
+17143671543
+13074338609
+16827298055
+16505850847
+15341408800
+17370749989
+16122261043
+17316915858
+15100763956
+14237038063
+17268656684
+15392465288
+16699858268
+16818935750
+12179113622
+19259829460
+19499826586
+19250344525
+17732252605
+12157790025
+13474714736
+19041604291
+14699365897
+17325339003
+12071027222
+12242497506
+19717727110
+17811343520
+14148325646
+19170307247
+14352554372
+16109356488
+15632086870
+15171254652
+13033293639
+17069622721
+15594291997
+18160967512
+16893291936
+12125877935
+15672888705
+12088455803
+14013574258
+16611661351
+16068181979
+13519215519
+15165441512
+15019262591
+16282418672
+18161747292
+13644494664
+16827966706
+14408503615
+14128904683
+18280578450
+16606063991
+13088616945
+18051740393
+17267942675
+15100362369
+12522400721
+18328676009
+12083723216
+13022471947
+19516471741
+18570972026
+16202312701
+15095248321
+17857374008
+12061646493
+16180927245
+15405874749
+19524307000
+16781652042
+16023215559
+17814435349
+16501807013
+14805051207
+13200886310
+18329482797
+19091986745
+14341269524
+18320393700
+15182747711
+18575060467
+16607821522
+19087563045
+16108457951
+17204303210
+12760707953
+19076804272
+12067032102
+16893857515
+16269534876
+19807734588
+14401103222
+13164349477
+18141432092
+13168025119
+17724276923
+19290605346
+13028911178
+12092004994
+14708302769
+18052060433
+14344424879
+13142087061
+15314216812
+15181468364
+17273032804
+12175712271
+19478432906
+12257542209
+17089561139
+19177300420
+17127390038
+17139203236
+17255498564
+17601231681
+18049886173
+13151395313
+17755943291
+14128976473
+19070885158
+18473442740
+19289138941
+13403670105
+17707908824
+19496755864
+16360306633
+17172968985
+15717424050
+13863092353
+18177027334
+17259453875
+16122921997
+14056694974
+12183458188
+15316380619
+12396102858
+15349705489
+19254153884
+15418276188
+13803589465
+15208333554
+18176087263
+12258611164
+14259846037
+19017781535
+17732793248
+14752629457
+15021819473
+17604660366
+15049939209
+17186219820
+13036919736
+12315373884
+18056991183
+19200699749
+14585850282
+17315439162
+17725600192
+16806957002
+16315690057
+15398781191
+18282365819
+19407547482
+17407927817
+14403765420
+19066964998
+19172464021
+14145871322
+17548269554
+16892019318
+17865425764
+14322092965
+18434220973
+17541869307
+13371955307
+14697123030
+17207270044
+12762431110
+18785003632
+16896191273
+18284674797
+15160512633
+12399887096
+14797982809
+15319391552
+16160266240
+18707552915
+14056986144
+18045961229
+12066337340
+15200258485
+12605999044
+17654327419
+18014993808
+13047592780
+15511581464
+18722777423
+19569334825
+13369369519
+16162799797
+19340974158
+17572944300
+17370582841
+16078233701
+14236913600
+19018534204
+17154154132
+17859585487
+16126097931
+19417768420
+17723230831
+16691816663
+14402982949
+12255367528
+14842070045
+17021147778
+16365579347
+12101363868
